pellDiam,shotRng,shotID,vertDist,horzDist
2,0.7,1,20,16
2,0.7,2,20,20
2,0.7,3,21,20
2,0.7,4,20,19
2,0.7,5,20,20
2,0.8,1,21,21
2,0.8,2,22,21
2,0.8,3,22,21
2,0.8,4,22,21
2,0.8,5,21,21
2,0.9,1,23,24
2,0.9,2,24,24
2,0.9,3,26,25
2,0.9,4,24,23
2,0.9,5,24,23
2,1,1,30,28
2,1,2,30,30
2,1,3,31,30
2,1,4,30,30
2,1,5,30,29
2,2,1,53,53
2,2,2,53,61
2,2,3,54,54
2,2,4,62,65
2,2,5,59,65
2,3,1,110,98
2,3,2,100,110
2,3,3,100,110
2,3,4,110,115
2,3,5,110,105
2,5,1,232,233
2,5,2,210,200
2,5,3,239,235
2,5,4,216,225
2,5,5,235,233
2,10,1,480,440
2,10,2,470,480
2,10,3,470,490
2,10,4,470,492
2,10,5,472,480
2,15,1,700,740
2,15,2,702,740
2,15,3,760,740
2,15,4,730,720
2,15,5,732,740
2,20,1,998,995
2,20,2,982,986
2,20,3,983,1007
2,20,4,980,930
2,20,5,982,970
2,25,1,1290,1238
2,25,2,1244,1193
2,25,3,1192,1205
2,25,4,1245,1210
2,25,5,1242,1230
3.5,0.7,1,22,20
3.5,0.7,2,20,20
3.5,0.7,3,21,20
3.5,0.7,4,22,20
3.5,0.7,5,20,20
3.5,0.8,1,20,22
3.5,0.8,2,22,23
3.5,0.8,3,25,23
3.5,0.8,4,24,22
3.5,0.8,5,23,22
3.5,0.9,1,24,23
3.5,0.9,2,22,21
3.5,0.9,3,22,24
3.5,0.9,4,25,20
3.5,0.9,5,25,24
3.5,1,1,23,22
3.5,1,2,24,23
3.5,1,3,26,23
3.5,1,4,25,24
3.5,1,5,23,27
3.5,2,1,50,49
3.5,2,2,49,47
3.5,2,3,39,45
3.5,2,4,50,49
3.5,2,5,50,50
3.5,3,1,85,88
3.5,3,2,84,85
3.5,3,3,60,85
3.5,3,4,83,85
3.5,3,5,83,85
3.5,5,1,168,165
3.5,5,2,175,170
3.5,5,3,165,170
3.5,5,4,170,172
3.5,5,5,170,175
3.5,10,1,360,380
3.5,10,2,410,400
3.5,10,3,380,390
3.5,10,4,400,397
3.5,10,5,396,392
3.5,15,1,670,620
3.5,15,2,640,700
3.5,15,3,602,605
3.5,15,4,599,602
3.5,15,5,605,615
3.5,20,1,880,832
3.5,20,2,884,840
3.5,20,3,742,880
3.5,20,4,850,860
3.5,20,5,852,861
3.5,25,1,950,1015
3.5,25,2,960,1063
3.5,25,3,990,985
3.5,25,4,980,960
3.5,25,5,910,924
5,0.7,1,22,21
5,0.7,2,22,20
5,0.7,3,24,22
5,0.7,4,20,22
5,0.7,5,21,22
5,0.8,1,21,22
5,0.8,2,22,22
5,0.8,3,20,28
5,0.8,4,24,20
5,0.8,5,22,22
5,0.9,1,25,25
5,0.9,2,24,25
5,0.9,3,23,23
5,0.9,4,26,25
5,0.9,5,25,25
5,1,1,22,20
5,1,2,24,22
5,1,3,28,24
5,1,4,25,23
5,1,5,26,25
5,2,1,38,38
5,2,2,38,39
5,2,3,36,39
5,2,4,38,40
5,2,5,38,40
5,3,1,70,74
5,3,2,70,70
5,3,3,60,48
5,3,4,60,55
5,3,5,80,78
5,5,1,167,165
5,5,2,165,160
5,5,3,155,160
5,5,4,160,150
5,5,5,146,160
5,10,1,330,320
5,10,2,380,360
5,10,3,380,375
5,10,4,340,341
5,10,5,330,310
5,15,1,565,563
5,15,2,560,535
5,15,3,525,543
5,15,4,460,480
5,15,5,633,565
5,20,1,830,780
5,20,2,830,760
5,20,3,820,762
5,20,4,804,838
5,20,5,820,725
5,25,1,895,980
5,25,2,800,990
5,25,3,860,989
5,25,4,970,930
5,25,5,860,860
8,0.7,1,25,25
8,0.7,2,25,25
8,0.7,3,22,25
8,0.7,4,26,25
8,0.7,5,23,23
8,0.8,1,28,25
8,0.8,2,25,26
8,0.8,3,23,25
8,0.8,4,28,25
8,0.8,5,26,25
8,0.9,1,26,26
8,0.9,2,26,26
8,0.9,3,24,26
8,0.9,4,26,27
8,0.9,5,26,27
8,1,1,30,30
8,1,2,30,30
8,1,3,29,28
8,1,4,31,28
8,1,5,30,30
8,2,1,34,33
8,2,2,33,32
8,2,3,32,33
8,2,4,34,34
8,2,5,35,34
8,3,1,50,50
8,3,2,50,45
8,3,3,43,45
8,3,4,50,45
8,3,5,55,60
8,5,1,90,100
8,5,2,80,100
8,5,3,90,90
8,5,4,91,92
8,5,5,89,92
8,10,1,170,162
8,10,2,173,170
8,10,3,173,164
8,10,4,173,175
8,10,5,186,165
8,15,1,250,220
8,15,2,255,300
8,15,3,190,300
8,15,4,200,210
8,15,5,230,210
8,20,1,390,230
8,20,2,335,360
8,20,3,370,355
8,20,4,264,290
8,20,5,240,330
8,25,1,400,460
8,25,2,425,400
8,25,3,450,342
8,25,4,490,500
8,25,5,470,480
